R2 <-> R1     R2 <-> R1
R1 <- R1 + 95R2
R1 <- R1 + 3/7R2
R2 <- R2 - 90R3
R3 <- 17/4R3
