[5 2 3; 4 2 1; 12 2 4]
R1 <- R1 + 95R2
R2 <- R2 - 90R3
R3 <- 17/4R3
R1 <- R1 + 3/7R2
R2 <-> R1     R2 <-> R1